0012 0013 0014 0015 0012 0013 0014 0015 0012 0013 0014 0015 0012 0013 0014 0015 0012 0013 0014 0015 0012 0013 0014 0015 0012 0013 0014 0015 0012 0013 0014 0015 0012 0013 0014 0015 0012 0013 0014 0015
0044 0045 0046 0047 0044 0045 0046 0047 0044 0045 0046 0047 0044 0045 0046 0047 0044 0045 0046 0047 0044 0045 0046 0047 0044 0045 0046 0047 0044 0045 0046 0047 0044 0045 0046 0047 0044 0045 0046 0047
0076 0077 0078 0079 0076 0077 0078 0079 0076 0077 0078 0079 0076 0077 0078 0079 0076 0077 0078 0079 0076 0077 0078 0079 0076 0077 0078 0079 0076 0077 0078 0079 0076 0077 0078 0079 0076 0077 0078 0079
0108 0109 0110 0111 0108 0109 0110 0111 0108 0109 0110 0111 0108 0109 0110 0111 0108 0109 0110 0111 0108 0109 0110 0111 0108 0109 0110 0111 0108 0109 0110 0111 0108 0109 0110 0111 0108 0109 0110 0111
0012 0013 0014 0015 0033 0032 0002 0003 0002 0003 0033 0032 0033 0000 0032 0001 0033 0000 0006 0007 0000 0001 0000 0032 0032 0000 0016 0017 0017 0017 0017 0017 0017 0018 0000 0032 0012 0013 0014 0015
0044 0045 0046 0047 0001 0032 0003 0002 0003 0002 0032 0000 0000 0000 0000 0000 0001 0000 0038 0039 0032 0000 0000 0000 0000 0000 0048 0083 0083 0049 0083 0049 0049 0050 0000 0000 0044 0045 0046 0047
0076 0077 0078 0079 0032 0000 0002 0003 0002 0003 0000 0000 0032 0000 0008 0009 0000 0000 0032 0000 0000 0000 0000 0000 0000 0000 0048 0049 0083 0049 0049 0083 0083 0050 0000 0001 0076 0077 0078 0079
0108 0109 0110 0111 0000 0032 0003 0002 0003 0002 0032 0000 0032 0000 0040 0041 0032 0000 0000 0032 0000 0000 0001 0000 0000 0000 0048 0049 0083 0049 0083 0049 0049 0050 0000 0000 0108 0109 0110 0111
0012 0013 0014 0015 0032 0000 0033 0001 0000 0000 0032 0000 0012 0013 0014 0015 0000 0000 0032 0001 0006 0007 0032 0000 0000 0001 0048 0083 0083 0049 0049 0083 0049 0050 0000 0000 0012 0013 0014 0015
0044 0045 0046 0047 0001 0000 0032 0000 0000 0000 0001 0032 0044 0045 0046 0047 0000 0000 0001 0033 0038 0039 0001 0033 0000 0000 0080 0081 0020 0083 0049 0019 0081 0082 0000 0000 0044 0045 0046 0047
0076 0077 0078 0079 0032 0000 0033 0000 0005 0000 0033 0001 0076 0077 0078 0079 0032 0032 0000 0000 0032 0032 0032 0000 0033 0000 0032 0032 0048 0049 0049 0050 0000 0000 0000 0001 0076 0077 0078 0079
0108 0109 0110 0111 0000 0033 0000 0032 0000 0000 0000 0000 0108 0109 0110 0111 0001 0033 0000 0000 0001 0000 0001 0033 0000 0000 0000 0000 0080 0081 0081 0082 0000 0033 0001 0000 0108 0109 0110 0111
0012 0013 0014 0015 0032 0032 0006 0007 0033 0000 0000 0001 0033 0000 0000 0000 0000 0001 0000 0000 0000 0000 0000 0000 0033 0001 0000 0000 0036 0001 0000 0001 0000 0032 0033 0000 0012 0013 0014 0015
0044 0045 0046 0047 0000 0033 0038 0039 0000 0033 0001 0000 0001 0032 0001 0032 0000 0000 0000 0032 0000 0000 0000 0000 0001 0000 0001 0032 0000 0000 0000 0000 0000 0000 0000 0033 0044 0045 0046 0047
0076 0077 0078 0079 0032 0000 0000 0032 0033 0000 0033 0032 0000 0001 0000 0001 0021 0022 0022 0022 0022 0022 0022 0023 0032 0000 0000 0000 0032 0000 0000 0000 0032 0000 0000 0000 0076 0077 0078 0079
0108 0109 0110 0111 0000 0000 0000 0000 0000 0032 0000 0033 0000 0033 0000 0000 0053 0088 0088 0054 0088 0088 0054 0055 0000 0000 0032 0000 0000 0032 0000 0000 0000 0033 0000 0000 0108 0109 0110 0111
0012 0013 0014 0015 0000 0032 0032 0000 0033 0000 0000 0000 0010 0011 0000 0000 0053 0088 0088 0088 0088 0054 0088 0055 0000 0000 0002 0003 0002 0003 0032 0032 0032 0000 0033 0001 0012 0013 0014 0015
0044 0045 0046 0047 0000 0000 0001 0000 0000 0000 0032 0000 0042 0043 0000 0000 0053 0054 0088 0024 0086 0086 0086 0087 0000 0000 0003 0002 0003 0002 0001 0033 0000 0000 0032 0032 0044 0045 0046 0047
0076 0077 0078 0079 0000 0001 0000 0000 0000 0000 0000 0000 0032 0000 0000 0032 0053 0088 0088 0055 0000 0032 0033 0000 0000 0032 0033 0000 0002 0003 0002 0003 0008 0009 0000 0000 0076 0077 0078 0079
0108 0109 0110 0111 0032 0000 0000 0000 0000 0000 0000 0000 0001 0000 0000 0033 0053 0054 0054 0055 0000 0032 0032 0000 0000 0000 0001 0000 0003 0002 0003 0002 0040 0041 0032 0032 0108 0109 0110 0111
0012 0013 0014 0015 0000 0000 0033 0000 0036 0001 0000 0000 0000 0001 0033 0032 0053 0088 0088 0055 0000 0000 0000 0000 0000 0032 0032 0000 0005 0032 0000 0000 0033 0000 0032 0001 0012 0013 0014 0015
0044 0045 0046 0047 0000 0033 0001 0032 0000 0000 0000 0032 0000 0000 0000 0033 0053 0088 0054 0055 0032 0000 0001 0000 0000 0000 0032 0000 0001 0000 0001 0032 0001 0032 0001 0032 0044 0045 0046 0047
0076 0077 0078 0079 0032 0000 0000 0000 0000 0000 0006 0007 0000 0000 0033 0000 0053 0054 0054 0055 0033 0032 0004 0001 0000 0001 0032 0000 0033 0000 0000 0032 0000 0000 0000 0000 0076 0077 0078 0079
0108 0109 0110 0111 0001 0000 0000 0000 0000 0033 0038 0039 0000 0000 0000 0000 0053 0088 0054 0055 0001 0032 0000 0032 0000 0033 0000 0033 0000 0033 0000 0033 0000 0033 0000 0000 0108 0109 0110 0111
0012 0013 0014 0015 0000 0000 0032 0000 0033 0032 0032 0000 0000 0000 0000 0000 0053 0088 0054 0055 0000 0032 0000 0000 0000 0032 0000 0000 0032 0032 0000 0000 0032 0001 0000 0000 0012 0013 0014 0015
0044 0045 0046 0047 0001 0000 0035 0035 0035 0035 0035 0035 0035 0035 0001 0000 0053 0054 0054 0055 0000 0000 0035 0035 0035 0035 0035 0035 0035 0035 0000 0000 0000 0000 0000 0000 0044 0045 0046 0047
0076 0077 0078 0079 0000 0001 0002 0003 0002 0003 0002 0003 0002 0003 0032 0001 0053 0054 0054 0055 0000 0001 0002 0003 0002 0003 0002 0003 0002 0003 0033 0000 0006 0007 0032 0001 0076 0077 0078 0079
0108 0109 0110 0111 0000 0032 0003 0002 0003 0002 0003 0002 0003 0002 0000 0000 0053 0054 0054 0055 0032 0000 0003 0002 0003 0002 0003 0002 0003 0002 0000 0000 0038 0039 0032 0000 0108 0109 0110 0111
0012 0013 0014 0015 0000 0000 0002 0003 0002 0003 0002 0003 0002 0003 0032 0001 0053 0054 0054 0055 0000 0032 0002 0003 0002 0003 0002 0003 0002 0003 0000 0000 0033 0032 0000 0000 0012 0013 0014 0015
0044 0045 0046 0047 0000 0032 0003 0002 0003 0002 0003 0002 0003 0002 0000 0033 0053 0054 0088 0055 0001 0033 0003 0002 0003 0002 0003 0002 0003 0002 0001 0000 0000 0000 0032 0000 0044 0045 0046 0047
0076 0077 0078 0079 0000 0032 0033 0032 0034 0034 0034 0034 0000 0001 0000 0000 0053 0054 0088 0055 0033 0001 0000 0000 0033 0000 0008 0009 0000 0032 0037 0000 0000 0000 0000 0000 0076 0077 0078 0079
0108 0109 0110 0111 0000 0032 0001 0000 0034 0034 0034 0034 0000 0033 0000 0000 0053 0088 0054 0055 0001 0000 0000 0000 0032 0000 0040 0041 0001 0000 0000 0000 0000 0033 0032 0000 0108 0109 0110 0111
0012 0013 0014 0015 0012 0013 0014 0015 0012 0013 0014 0015 0012 0013 0014 0015 0053 0054 0054 0055 0012 0013 0014 0015 0012 0013 0014 0015 0012 0013 0014 0015 0012 0013 0014 0015 0012 0013 0014 0015
0044 0045 0046 0047 0044 0045 0046 0047 0044 0045 0046 0047 0044 0045 0046 0047 0053 0054 0088 0055 0044 0045 0046 0047 0044 0045 0046 0047 0044 0045 0046 0047 0044 0045 0046 0047 0044 0045 0046 0047
0076 0077 0078 0079 0076 0077 0078 0079 0076 0077 0078 0079 0076 0077 0078 0079 0053 0054 0088 0055 0076 0077 0078 0079 0076 0077 0078 0079 0076 0077 0078 0079 0076 0077 0078 0079 0076 0077 0078 0079
0108 0109 0110 0111 0108 0109 0110 0111 0108 0109 0110 0111 0108 0109 0110 0111 0053 0054 0054 0055 0108 0109 0110 0111 0108 0109 0110 0111 0108 0109 0110 0111 0108 0109 0110 0111 0108 0109 0110 0111
